1714386809.000000, IBI
56.859375,0.687500
57.546875,0.687500
58.234375,0.687500
58.906250,0.671875
98.531250,0.703125
99.250000,0.718750
99.968750,0.718750
100.671875,0.703125
108.015625,0.671875
108.687500,0.671875
109.359375,0.671875
118.203125,0.687500
118.906250,0.703125
119.609375,0.703125
120.296875,0.687500
120.984375,0.687500
121.671875,0.687500
122.328125,0.656250
137.484375,0.671875
138.171875,0.687500
138.859375,0.687500
160.156250,0.656250
160.828125,0.671875
161.531250,0.703125
162.250000,0.718750
162.968750,0.718750
168.875000,0.734375
169.609375,0.734375
170.328125,0.718750
171.031250,0.703125
171.718750,0.687500
172.375000,0.656250
178.859375,0.640625
179.500000,0.640625
180.187500,0.687500
180.875000,0.687500
181.656250,0.781250
182.359375,0.703125
183.062500,0.703125
183.765625,0.703125
199.812500,0.718750
200.531250,0.718750
201.265625,0.734375
213.250000,0.687500
213.921875,0.671875
214.593750,0.671875
215.265625,0.671875
223.250000,0.656250
223.921875,0.671875
224.609375,0.687500
225.328125,0.718750
226.062500,0.734375
226.828125,0.765625
227.531250,0.703125
228.234375,0.703125
228.937500,0.703125
229.625000,0.687500
230.312500,0.687500
230.968750,0.656250
231.640625,0.671875
232.359375,0.718750
233.078125,0.718750
233.812500,0.734375
234.531250,0.718750
235.218750,0.687500
235.921875,0.703125
236.625000,0.703125
237.312500,0.687500
243.015625,0.687500
243.734375,0.718750
244.453125,0.718750
245.187500,0.734375
245.937500,0.750000
246.718750,0.781250
254.031250,0.687500
254.734375,0.703125
255.421875,0.687500
256.140625,0.718750
256.859375,0.718750
257.609375,0.750000
258.359375,0.750000
259.078125,0.718750
259.828125,0.750000
260.593750,0.765625
261.375000,0.781250
262.109375,0.734375
262.812500,0.703125
263.515625,0.703125
264.203125,0.687500
264.890625,0.687500
265.578125,0.687500
266.296875,0.718750
267.046875,0.750000
267.812500,0.765625
268.578125,0.765625
269.312500,0.734375
270.046875,0.734375
270.796875,0.750000
271.562500,0.765625
272.312500,0.750000
273.109375,0.796875
273.859375,0.750000
274.625000,0.765625
275.359375,0.734375
276.109375,0.750000
276.828125,0.718750
277.562500,0.734375
278.296875,0.734375
279.000000,0.703125
296.968750,0.625000
297.609375,0.640625
298.265625,0.656250
298.906250,0.640625
299.578125,0.671875
300.218750,0.640625
300.828125,0.609375
301.500000,0.671875
307.937500,0.781250
308.765625,0.828125
330.671875,0.734375
331.375000,0.703125
332.125000,0.750000
332.828125,0.703125
333.578125,0.750000
334.312500,0.734375
355.625000,0.640625
361.171875,0.593750
403.218750,0.671875
403.921875,0.703125
404.625000,0.703125
405.328125,0.703125
406.015625,0.687500
420.375000,0.625000
421.000000,0.625000
421.609375,0.609375
422.234375,0.625000
422.875000,0.640625
423.546875,0.671875
424.265625,0.718750
425.031250,0.765625
425.812500,0.781250
426.609375,0.796875
427.421875,0.812500
428.234375,0.812500
429.031250,0.796875
429.828125,0.796875
430.593750,0.765625
431.343750,0.750000
432.093750,0.750000
432.828125,0.734375
433.546875,0.718750
434.265625,0.718750
435.000000,0.734375
435.687500,0.687500
436.421875,0.734375
437.140625,0.718750
437.843750,0.703125
438.578125,0.734375
439.312500,0.734375
440.031250,0.718750
455.546875,0.812500
456.390625,0.843750
484.843750,0.671875
485.515625,0.671875
486.187500,0.671875
486.875000,0.687500
522.843750,0.640625
523.484375,0.640625
524.156250,0.671875
524.828125,0.671875
525.375000,0.546875
526.109375,0.734375
562.703125,0.750000
563.468750,0.765625
564.234375,0.765625
565.015625,0.781250
565.765625,0.750000
566.500000,0.734375
567.250000,0.750000
567.968750,0.718750
568.703125,0.734375
569.390625,0.687500
570.078125,0.687500
570.781250,0.703125
577.250000,0.750000
578.015625,0.765625
578.640625,0.625000
585.187500,0.531250
588.328125,0.765625
619.921875,0.687500
620.640625,0.718750
621.375000,0.734375
622.093750,0.718750
622.828125,0.734375
623.562500,0.734375
624.281250,0.718750
625.015625,0.734375
625.734375,0.718750
626.421875,0.687500
627.109375,0.687500
627.812500,0.703125
628.484375,0.671875
629.187500,0.703125
629.906250,0.718750
630.625000,0.718750
631.343750,0.718750
632.062500,0.718750
632.781250,0.718750
633.468750,0.687500
634.187500,0.718750
634.843750,0.656250
635.531250,0.687500
636.218750,0.687500
636.890625,0.671875
637.578125,0.687500
638.250000,0.671875
638.968750,0.718750
639.656250,0.687500
643.156250,0.703125
643.859375,0.703125
644.515625,0.656250
645.218750,0.703125
645.906250,0.687500
649.296875,0.687500
649.984375,0.687500
650.687500,0.703125
651.375000,0.687500
652.078125,0.703125
652.796875,0.718750
653.531250,0.734375
654.234375,0.703125
654.968750,0.734375
655.703125,0.734375
656.421875,0.718750
657.140625,0.718750
657.875000,0.734375
658.578125,0.703125
659.265625,0.687500
732.437500,0.625000
733.078125,0.640625
733.718750,0.640625
851.828125,0.796875
852.593750,0.765625
853.359375,0.765625
854.109375,0.750000
854.859375,0.750000
855.578125,0.718750
856.328125,0.750000
857.109375,0.781250
857.875000,0.765625
894.125000,0.734375
894.843750,0.718750
895.546875,0.703125
896.250000,0.703125
896.984375,0.734375
897.718750,0.734375
898.437500,0.718750
899.156250,0.718750
899.859375,0.703125
900.531250,0.671875
901.203125,0.671875
901.875000,0.671875
902.578125,0.703125
903.296875,0.718750
904.046875,0.750000
904.812500,0.765625
905.578125,0.765625
906.343750,0.765625
907.125000,0.781250
907.890625,0.765625
908.671875,0.781250
909.453125,0.781250
910.203125,0.750000
910.921875,0.718750
911.656250,0.734375
912.359375,0.703125
913.078125,0.718750
913.765625,0.687500
914.453125,0.687500
915.140625,0.687500
915.828125,0.687500
916.546875,0.718750
917.281250,0.734375
918.000000,0.718750
918.718750,0.718750
919.453125,0.734375
920.171875,0.718750
920.875000,0.703125
921.578125,0.703125
922.265625,0.687500
922.953125,0.687500
923.640625,0.687500
924.359375,0.718750
925.062500,0.703125
946.203125,0.781250
947.000000,0.796875
955.015625,0.687500
955.718750,0.703125
956.453125,0.734375
957.234375,0.781250
958.046875,0.812500
958.843750,0.796875
959.609375,0.765625
960.375000,0.765625
961.156250,0.781250
961.937500,0.781250
962.734375,0.796875
963.515625,0.781250
964.312500,0.796875
965.109375,0.796875
965.890625,0.781250
966.671875,0.781250
967.437500,0.765625
968.171875,0.734375
968.906250,0.734375
969.609375,0.703125
970.296875,0.687500
970.968750,0.671875
971.625000,0.656250
972.343750,0.718750
973.062500,0.718750
973.781250,0.718750
974.546875,0.765625
975.328125,0.781250
976.078125,0.750000
976.843750,0.765625
977.593750,0.750000
978.359375,0.765625
979.093750,0.734375
979.812500,0.718750
980.562500,0.750000
981.265625,0.703125
981.968750,0.703125
982.718750,0.750000
990.312500,0.671875
991.000000,0.687500
1002.921875,0.703125
1003.656250,0.734375
1027.203125,0.609375
1247.375000,0.562500
1255.937500,0.531250
1256.468750,0.531250
1290.093750,0.515625
1310.218750,0.515625
1310.718750,0.500000
1360.562500,0.671875
1361.218750,0.656250
1361.890625,0.671875
1362.531250,0.640625
1363.156250,0.625000
1363.781250,0.625000
1364.437500,0.656250
1365.078125,0.640625
1370.546875,0.578125
1371.109375,0.562500
1371.687500,0.578125
1372.234375,0.546875
1420.109375,0.578125
1420.718750,0.609375
1421.343750,0.625000
1511.265625,0.437500
1511.718750,0.453125
1512.156250,0.437500
1512.593750,0.437500
1513.046875,0.453125
1513.515625,0.468750
1514.000000,0.484375
1514.453125,0.453125
1514.937500,0.484375
1574.953125,0.578125
1636.015625,0.640625
2261.921875,0.593750
2262.468750,0.546875
2340.796875,0.390625
2341.156250,0.359375
2491.156250,0.453125
2491.625000,0.468750
2492.078125,0.453125
2677.156250,0.703125
3277.281250,0.562500
3592.218750,0.453125
3592.656250,0.437500
3593.093750,0.437500
3593.546875,0.453125
3594.000000,0.453125
3594.453125,0.453125
3594.906250,0.453125
3595.343750,0.437500
3656.015625,0.562500
3667.890625,0.546875
3668.437500,0.546875
3668.953125,0.515625
3675.812500,0.531250
3676.343750,0.531250
3676.906250,0.562500
3683.328125,0.515625
3998.921875,0.390625
3999.343750,0.421875
3999.843750,0.500000
4476.421875,0.390625
4476.890625,0.468750
4520.140625,0.531250
4520.656250,0.515625
4521.171875,0.515625
4585.437500,0.562500
4586.000000,0.562500
4586.562500,0.562500
4587.109375,0.546875
4587.656250,0.546875
4588.203125,0.546875
4588.718750,0.515625
4589.250000,0.531250
4628.031250,0.546875
4628.562500,0.531250
4629.109375,0.546875
4629.609375,0.500000
4630.203125,0.593750
4630.703125,0.500000
4631.203125,0.500000
4631.750000,0.546875
4670.687500,0.640625
4671.328125,0.640625
4671.953125,0.625000
4672.593750,0.640625
4673.218750,0.625000
4673.843750,0.625000
4674.484375,0.640625
4675.109375,0.625000
4675.734375,0.625000
4676.406250,0.671875
4677.046875,0.640625
4677.734375,0.687500
4678.390625,0.656250
4679.031250,0.640625
4679.671875,0.640625
4680.328125,0.656250
4680.937500,0.609375
4681.515625,0.578125
4682.109375,0.593750
4937.171875,0.546875
4943.781250,0.609375
4996.484375,0.531250
4997.125000,0.640625
4997.656250,0.531250
5034.625000,0.531250
5096.671875,0.750000
5276.453125,0.625000
5277.140625,0.687500
5277.812500,0.671875
5278.484375,0.671875
5279.109375,0.625000
5279.890625,0.781250
5280.609375,0.718750
5281.343750,0.734375
5286.468750,0.703125
5287.203125,0.734375
5287.859375,0.656250
5349.703125,0.687500
5350.375000,0.671875
5351.078125,0.703125
5351.828125,0.750000
5352.484375,0.656250
5364.671875,0.718750
5365.421875,0.750000
5366.062500,0.640625
5366.843750,0.781250
5367.593750,0.750000
5368.281250,0.687500
5368.968750,0.687500
5373.453125,0.781250
5401.515625,0.703125
5402.250000,0.734375
5402.968750,0.718750
5403.718750,0.750000
5404.359375,0.640625
5417.515625,0.750000
5418.218750,0.703125
5419.000000,0.781250
5419.734375,0.734375
5420.437500,0.703125
5421.171875,0.734375
5421.906250,0.734375
5422.671875,0.765625
5423.250000,0.578125
5424.078125,0.828125
5424.953125,0.875000
5428.781250,0.796875
5435.437500,0.750000
5436.203125,0.765625
5436.890625,0.687500
5437.531250,0.640625
5438.218750,0.687500
5470.125000,0.734375
5470.828125,0.703125
5478.593750,0.750000
5479.375000,0.781250
5480.140625,0.765625
5480.937500,0.796875
5481.718750,0.781250
5482.484375,0.765625
5483.187500,0.703125
5483.906250,0.718750
5484.656250,0.750000
5485.421875,0.765625
5486.171875,0.750000
5486.937500,0.765625
5532.890625,0.718750
5539.015625,0.687500
5656.687500,0.625000
5657.328125,0.640625
